sc122021.jpg|42,6,3,7,8,10,25
sc322021.jpg|616,8,7,1,6,20,50
sc712021.jpg|803,4,5,9,6,15,100
sc722021.jpg|977,2,5,7,4,20,100
sc912021.jpg|821,2,7,5,3,10,25
sc1112021.jpg|554,3,7,9,8,20,75
sc1312021.jpg|134,6,6,4,5,15,50
sc1512021.jpg|748,7,8,1,8,20,75
sc1712021.jpg|671,4,6,6,8,10,75
sc2312021.jpg|684,2,8,8,5,20,100
sc2512021.jpg|386,1,5,2,2,15,100
sc2912021.jpg|373,4,4,5,7,10,50
sc13122020.jpg|441,9,7,6,6,10,25
sc7122020.jpg|984,5,1,8,8,10,50
sc27122020.jpg|986,8,2,2,2,10,50
sc19122020.jpg|852,7,4,1,3,10,75
sc2122020.jpg|962,5,8,8,3,15,25
sc25112020.jpg|598,1,6,7,2,20,100
sc17112020.jpg|583,8,5,4,6,10,75
sc15112020.jpg|527,1,5,9,8,10,25
sc12112020.jpg|784,8,5,3,3,20,75
sc7112020.jpg|713,5,8,7,8,20,100
sc4112020.jpg|638,3,7,9,4,15,100
sc2692020.jpg|614,9,6,7,9,10,50
sc2692022.jpg|639,3,4,5,4,10,100